00:00,444.7,720.6,92.2,259.5,783.3,35.1,61.3,11.5,67.1,4.0,0.0,59.1,0.0
00:10,444.2,719.2,95.9,259.9,788.2,13.0,61.4,11.5,68.1,3.9,0.0,59.7,0.0
00:20,444.1,716.7,94.0,258.9,794.4,0.0,61.1,11.5,63.5,3.7,0.0,57.1,0.0
00:30,444.9,719.6,93.8,259.9,785.4,0.0,61.1,11.5,60.8,3.5,0.0,43.2,0.0
00:40,445.4,721.0,95.3,258.2,764.2,0.0,61.3,11.5,59.5,3.4,0.0,43.9,0.0
00:50,445.2,721.9,94.7,258.7,751.9,0.0,61.6,11.5,59.3,3.3,0.0,29.3,-3.2
01:00,444.9,721.2,94.6,259.6,759.9,0.0,61.3,11.5,60.1,3.5,0.0,16.0,-24.4
01:10,445.1,724.4,96.7,260.1,759.1,0.0,62.5,11.5,58.7,3.3,0.0,13.9,-24.2
,
,
,
,
,
,
,
,
,
,
,
,
,
,
,
,
,
,
,
,
,
,
,
,
,
,
,
,
,
,
,
,
,
,
,
,
,
,
,
,
,
,
,
,
,
,
,
,
,
,
,
,
,
,
,
,
,
,
,
,
,
,
,
,
,
,
,
,
,
,
,
,
,
,
,
,
,
,
,
,
,
,
,
,
,
,
,
,
,
,
,
,
,
,
,
,
,
,
,
,
,
,
,
,
,
,
,
,
,
,
,
,
,
,
,
,
,
,
,
,
,
,
,
,
,
,
,
,
,
,
,
,
,
,
,
,
